1.665367
1.671008
1.644534
1.644534
1.633226
1.632600
1.632600
1.631881
1.631845
1.628023
1.626032
1.621295
1.616974
1.616946
1.616634
1.612109
1.612054
1.616490
1.616122
1.615565
1.615565
1.615536
1.612915
1.606360
1.606360
1.606640
1.606640
1.601307
1.600783
1.596951
1.596147
1.597394
1.597394
1.599104
1.599104
1.576249
1.549954
1.549959
1.534413
1.534374
1.534362
1.510616
1.499628
1.499628
1.499625
1.494524
1.488966
1.479451
1.479254
1.459852
1.456310
1.456245
1.455082
1.418294
1.387096
1.371613
1.371113
1.371113
1.335729
1.335729
1.335818
1.316582
1.316497
1.316701
1.309935
1.296575
1.258913
1.258144
1.251144
1.251144
1.247031
1.247031
1.237808
1.233834
1.233284
1.233284
1.233284
1.224623
1.224621
1.224629
1.224255
1.224255
1.218635
1.218514
1.215277
1.215277
1.200494
1.200494
1.196916
1.196429
1.197201
1.197199
1.197199
1.150056
1.150497
1.147145
1.154531
1.154531
1.137468
1.092190
1.023040
0.953677
0.953629
0.953629
0.953641
0.901096
0.890015
0.874937
0.874937
0.874936
0.863188
0.859374
0.859403
0.848427
0.848427
0.848420
0.848417
0.831351
0.818047
0.818100
0.823171
0.821924
0.821897
0.821897
0.810155
0.810155
0.810155
0.815627
0.786307
0.786307
0.786307
0.774547
0.774546
0.788466
0.788762
0.815974
0.815970
0.799930
0.799914
0.816770
0.816730
0.829068
0.829067
0.829067
0.829071
0.783342
0.783313
0.733761
0.733760
0.733760
0.733760
0.719821
0.719821
0.719821
0.719821
0.722077
0.722077
0.747398
0.747627
0.707512
0.699751
0.673361
0.673359
0.673412
0.673412
0.673301
0.673297
0.673292
0.670106
0.661873
0.661873
0.661873
0.661873
0.661873
0.638250
0.638250
0.625248
0.622626
0.605659
0.590639
0.590639
0.590639
0.590639
0.590639
0.590639
0.590639
0.590639
0.590638
0.594479
0.581677
0.581677
0.557165
0.557166
0.557166
0.557166
0.557080
0.557100
0.547196
0.547196
0.546009
0.545777
0.544999
0.544999
0.544999
0.544986
0.544986
0.544986
0.544986
0.544986
0.545034
0.545034
0.545057
0.544829
0.544829
0.544817
0.544817
0.544809
0.544718
0.539120
0.539120
0.539120
0.539118
0.539118
0.544003
0.543698
0.543698
0.543698
0.556270
0.556270
0.556270
0.550655
0.550655
0.546694
0.546694
0.543255
0.533268
0.538613
0.538613
0.538613
0.538614
0.557418
0.557415
0.557415
0.587177
0.587175
0.587175
0.541255
0.541255
0.506420
0.470927
0.470941
0.419156
0.419148
0.419148
0.415850
0.415850
0.415838
0.415838
0.415835
0.415835
0.387103
0.368268
0.368268
0.368046
0.368040
0.367808
0.367468
0.367468
0.367468
0.367468
0.361884
0.361884
0.361930
0.358828
0.358828
0.363323
0.363322
0.362730
0.362730
0.362746
0.362732
0.385434
0.385432
0.385432
0.379689
0.379665
0.379665
0.342927
0.342927
0.342853
0.342853
0.342852
0.326060
0.326060
0.326060
0.326060
0.344090
0.344090
0.326629
0.326629
0.326629
0.326372
0.326379
0.326379
0.322893
0.357846
0.357846
0.357846
0.357853
0.361002
0.356586
0.356501
0.340202
0.340202
0.340202
0.340202
0.340202
0.340195
0.340195
0.340195
0.340193
0.340193
0.340193
0.340193
0.340189
0.340189
0.362759
0.362746
0.362746
0.362746
0.362686
0.362686
0.351322
0.351322
0.351322
0.351322
0.351322
0.320099
0.303119
0.303119
0.303119
0.303119
0.302993
0.274497
0.274248
0.274248
0.274248
0.274248
0.274248
0.292159
0.292159
0.292093
0.292093
0.292093
0.292093
0.292093
0.292093
0.292093
0.286453
0.286453
0.286453
0.286449
0.286440
0.285349
0.285349
0.285349
0.285349
0.285349
0.285348
0.285348
0.285348
0.285348
0.285348
0.285348
0.285348
0.284391
0.284391
0.254950
0.254950
0.254950
0.254950
0.254950
0.254983
0.254983
0.254983
0.254297
0.254297
0.254295
0.254295
0.254295
0.254179
0.254179
0.254179
0.248816
0.248816
0.247631
0.247631
0.247613
0.247596
0.247596
0.247596
0.247596
0.247592
0.247572
0.247606
0.247606
0.247606
0.251358
0.251359
0.251359
0.251359
0.254762
0.254849
0.254849
0.234264
0.234264
0.234264
0.234264
0.234264
0.234166
0.234166
0.234166
0.235515
0.224738
0.224738
0.216793
0.203715
0.203716
0.203716
0.203716
0.203716
0.203882
0.203882
0.203882
0.200380
0.200379
0.200379
0.199065
0.199065
0.193819
0.193819
0.193819
0.193816
0.193816
0.193816
0.193816
0.193816
0.193816
0.193816
0.193816
0.193816
0.185772
0.185772
0.185772
0.182128
0.182128
0.182128
0.181921
0.181921
0.181921
0.181921
0.181921
0.181388
0.181622
0.181622
0.181622
0.181622
0.181622
0.181622
0.178259
0.178072
0.178072
0.178067
0.178067
0.178067
0.177304
0.177304
0.177304
0.177295
0.177295
0.177295
0.177295
0.177295
0.177295
0.177295
0.177273
0.177272
0.177272
0.177272
0.171140
0.171140
0.171140
0.171140
0.171140
0.171125
0.171125
0.171125
0.169394
0.169394
0.166199
0.166199
0.166199
0.166199
0.166199
0.166199
0.163625
0.163625
0.163724
0.163724
0.163724
0.163724
0.163724
0.163724
0.163360
0.163360
0.163360
0.163360
0.163360
0.163360
0.163360
0.163360
0.158356
0.158356
0.158356
0.158356
0.158300
0.158300
0.158300
0.158300
0.158300
0.158300
0.158300
0.158299
0.158299
0.158299
0.158299
0.158299
0.146174
0.146174
0.146174
0.146174
0.146174
0.146174
0.146174
0.146174
0.146174
0.146174
0.146176
0.146189
0.146189
0.146189
0.146053
0.146053
0.146053
0.146053
0.146049
0.146013
0.145993
0.145993
0.146046
0.146060
0.146060
0.146060
0.146060
0.146108
0.146108
0.146108
0.146108
0.146108
0.146108
0.146108
0.146108
0.146108
0.146108
0.146050
0.146049
0.146049
0.143494
0.143494
0.143494
0.143494
0.143494
0.143494
0.143494
0.143494
0.143493
0.143493
0.143493
0.143493
0.143493
0.143493
0.143528
0.143528
0.143528
0.143528
0.144235
0.144235
0.144235
0.144235
0.144235
0.143682
0.144012
0.143603
0.143603
0.143574
0.143574
0.143574
0.143574
0.143574
0.143574
0.143224
0.143224
0.143224
0.143240
0.143240
0.143240
0.143240
0.143240
0.143240
0.143240
0.143240
0.143240
0.143240
0.143240
0.143242
0.143242
0.143242
0.143299
0.143299
0.143299
0.143299
0.143299
0.143299
0.143299
0.143299
0.143299
0.143299
0.143299
0.143274
0.143304
0.143281
0.143281
0.143118
0.143118
0.143118
0.143118
0.143118
0.143118
0.143118
0.143118
0.143118
0.143122
0.143122
0.143122
0.143122
0.143122
0.143122
0.143122
0.143122
0.139742
0.139742
0.139742
0.139742
0.141922
0.141922
0.132691
0.132690
0.132800
0.132800
0.132691
0.132691
0.132691
0.132691
0.132691
0.132691
0.132691
0.132691
0.132691
0.132691
0.132691
0.132692
0.132692
0.132692
0.132692
0.132692
0.132692
0.132691
0.132690
0.132690
0.132690
0.132690
0.132690
0.132690
0.132688
0.132688
0.132688
0.132688
0.132688
0.132716
0.132711
0.132711
0.133050
0.133050
0.133050
0.133033
0.133033
0.133033
0.133033
0.133033
0.133033
0.133033
0.133048
0.133048
0.133048
0.133048
0.133041
0.133025
0.133025
0.133025
0.133025
0.133025
0.132946
0.132934
0.132934
0.132934
0.132934
0.132934
0.132934
0.132934
0.132934
0.132934
0.132934
0.132934
0.132934
0.132934
0.132934
0.132933
0.132933
0.132933
0.132933
0.132933
0.132933
0.132933
0.132933
0.132933
0.132933
0.132933
0.132949
0.132936
0.132936
0.132936
0.132936
0.132936
0.132936
0.132936
0.132936
0.129434
0.129421
0.129421
0.130635
0.130597
0.130597
0.130597
0.130597
0.130597
0.130597
0.130714
0.130646
0.135008
0.134954
0.134954
0.135177
0.135177
0.133744
0.133740
0.133741
0.133740
0.133740
0.133576
0.133571
0.133571
0.133571
0.133571
0.133588
0.133585
0.133585
0.133585
0.133584
0.133515
0.133515
0.133515
0.133515
0.133515
0.133513
0.133513
0.133461
0.129718
0.129716
0.129401
0.129401
0.129381
0.129381
0.117616
0.117616
0.117598
0.117598
0.117600
0.117600
0.117599
0.117593
0.113453
0.113456
0.113456
0.113456
0.113456
0.115438
0.115438
0.115438
0.115438
0.115438
0.115438
0.115438
0.115438
0.115355
0.115355
0.108890
0.108891
0.108892
0.108892
0.108892
0.108892
0.100761
0.100760
0.100760
0.079505
0.079505
0.079505
0.079505
0.079505
0.079501
0.079501
0.079501
0.079501
0.079501
0.079501
0.079501
0.079501
0.079501
0.079697
0.079697
0.079697
0.079697
0.079697
0.079697
0.079697
0.079697
0.079690
0.079687
0.079687
0.079210
0.079740
0.079740
0.079740
0.079740
0.079740
0.079740
0.079740
0.079740
0.079740
0.079740
0.079740
0.076296
0.076296
0.076296
0.076294
0.076294
0.076294
0.076294
0.076296
0.076304
0.076304
0.076304
0.076304
0.076304
0.076304
0.076304
0.076304
0.076304
0.076304
0.076304
0.076304
0.076304
0.076293
0.076293
0.076293
0.076293
0.076293
0.076293
0.075023
0.075023
0.075023
0.075023
0.075017
0.075017
0.075017
0.075017
0.075017
0.075017
0.075434
0.075434
0.075436
0.075436
0.075436
0.073934
0.074039
0.074039
0.074039
0.074039
0.074039
0.074039
0.074039
0.074039
0.074039
0.074039
0.074039
0.074039
0.074039
0.074039
0.074039
0.074039
0.074039
0.074039
0.074039
0.074039
0.074039
0.074039
0.074039
0.074039
0.074039
0.074039
0.074039
0.074039
0.074039
0.074016
0.074014
0.074014
0.074014
0.074014
0.074014
0.074014
0.074014
0.074014
0.074013
0.074013
0.074013
0.074013
0.074014
0.074014
0.074014
0.074014
0.074014
0.074014
0.074011
0.074011
0.074011
0.074009
0.074009
0.074009
0.074009
0.074009
0.074009
0.074009
0.074009
0.074009
0.074009
0.074009
0.074009
0.074009
0.074009
0.074053
0.074053
0.074053
0.074053
0.074053
0.074053
0.074053
0.074053
0.074053
0.074053
0.074091
0.074091
0.074091
0.074091
0.074091
0.074079
0.074079
0.074079
0.074077
0.074077
0.074077
0.074105
0.074105
0.074105
0.074105
0.074105
0.074105
0.074701
0.074701
0.074689
0.074689
0.074689
0.074689
0.074689
0.074689
0.074689
0.074689
0.074689
0.074689
0.074689
0.074689
0.074689
0.074689
0.074689
0.074689
0.074689
0.074689
0.074689
0.074689
0.074682
0.074682
0.074685
0.074685
0.074685
0.074685
0.074685
0.074685
0.074669
0.074104
0.074104
0.074104
0.074104
0.074104
0.074104
0.074104
0.074096
0.074109
0.074109
0.074109
0.074109
0.074109
0.074108
0.074108
0.074107
0.074107
0.074107
0.074107
0.074107
0.074107
0.074107
0.074107
0.074119
0.074119
0.074119
0.074119
0.074119
0.074118
0.074118
0.074088
0.074089
0.074089
0.074089
0.074089
0.074089
0.074089
0.074088
0.074088
0.074088
0.074088
0.074088
0.074088
0.073905
0.073905
0.073905
0.073905
0.073905
0.073905
0.073905
0.073905
0.073905
0.073905
0.073905
0.073905
0.073905
0.073905
0.073905
0.073905
0.073905
0.073905
0.073905
0.073905
0.073905
0.073905
0.073905
0.073888
0.073888
0.073888
0.073888
0.073888
0.073888
0.073884
0.073884
0.073882
0.073882
0.073882
0.073882
0.073882
0.073882
0.073882
0.073882
0.073882
0.073887
0.073887
0.073887
0.073887
0.073887
0.073889
0.073891
0.073891
0.073891
0.073891
0.073891
0.073887
0.073887
0.073887
0.073887
0.073887
0.073168
0.073168
0.073168
0.073168
0.073168
0.073169
0.073169
0.073169
0.073169
0.073169
0.073169
0.073170
0.073170
0.073170
0.073170
0.073170
0.073170
0.073170
0.073171
0.073171
0.073171
0.073171
0.073171
0.073171
0.073170
0.073171
0.073171
0.073171
0.073171
0.073171
0.073171
0.057768
0.057767
0.057780
0.057780
0.057780
0.057780
0.057780
0.057510
0.057510
0.057510
0.057510
0.057510
0.057510
0.057510
0.057510
0.057510
0.057510
0.057510
0.057511
0.057510
0.057510
0.057510
0.057402
0.057402
0.057407
0.057420
0.057420
0.057420
0.057420
0.057420
0.057420
0.057420
0.057420
0.057420
0.057420
0.057420
0.057420
0.057420
0.057420
0.057420
0.057412
0.057482
0.057482
0.057482
0.057482
0.057482
0.057482
0.057482
0.057480
0.057480
0.057480
0.057480
0.057480
0.057480
0.057480
0.057480
0.057480
0.057426
0.057426
0.057431
0.057431
0.057431
0.057431
0.057431
0.057431
0.057431
0.057431
0.057431
0.057431
0.057431
0.057431
0.057431
0.057438
0.057438
0.057437
0.057539
0.057537
0.057537
0.057537
0.057537
0.057537
0.057537
0.057569
0.057341
0.057341
0.057341
0.057341
0.057341
0.057341
0.057341
0.057328
0.057328
0.057328
0.057328
0.057328
0.057328
0.057328
0.057327
0.057327
0.057327
0.057325
0.057266
0.057266
0.057266
0.057266
0.057266
0.057266
0.057216
0.057216
0.057216
0.057216
0.057216
0.057216
0.057216
0.057211
0.057211
0.057211
0.057211
0.057210
0.057210
0.057210
0.057210
0.057210
0.057210
0.057332
0.057332
0.057332
0.057332
0.057332
0.057332
0.057391
0.057394
0.057394
0.057394
0.057393
0.057393
0.057393
0.057393
0.057393
0.057393
0.057393
0.057393
0.057393
0.057393
0.057393
0.057393
0.057393
0.057393
0.057396
0.057396
0.057396
0.057396
0.057396
0.057396
0.057396
0.057396
0.057396
0.057396
0.057396
0.057396
0.057396
0.057396
0.057396
0.057396
0.057436
0.057436
0.057437
0.057437
0.057437
0.057449
0.057449
0.057365
0.057365
0.057365
0.057365
0.057359
0.057359
0.057359
0.057353
0.057353
0.057353
0.057353
0.057347
0.057341
0.057341
0.057341
0.057341
0.057479
0.057479
0.057479
0.057479
0.057475
0.057475
0.057475
0.057475
0.057475
0.057475
0.050114
0.050114
0.050114
0.050114
0.050114
0.050114
0.050114
0.050114
0.050114
0.050114
0.050114
0.050114
0.050114
0.050114
0.050114
0.050114
0.050113
0.050113
0.050113
0.050113
0.050113
0.050113
0.050113
0.050113
0.050113
0.050113
0.050113
0.050113
0.050113
0.050113
0.050113
0.050113
0.050113
0.050113
0.050113
0.050113
0.050113
0.050113
0.050113
0.050113
0.050113
0.050113
0.050113
0.050113
0.050113
0.050113
0.050113
0.050113
0.050113
0.050113
0.050113
0.050113
0.050113
0.050113
0.050113
0.050113
0.050113
0.050113
0.050113
0.050113
0.050113
0.050111
0.050111
0.050111
0.050111
0.050111
0.050111
0.050111
0.050111
0.050111
0.050056
0.050056
0.050056
0.050056
0.050057
0.050057
0.050057
0.050057
0.050057
0.050057
0.050057
0.050057
0.050057
0.050057
0.050057
0.050039
0.050039
0.050039
0.050039
0.050039
0.050039
0.050039
0.050039
0.050039
0.050039
0.050039
0.050039
0.050040
0.050040
0.050012
0.050011
0.050011
0.050011
0.050011
0.050011
0.050011
0.050004
0.050004
0.050004
0.050004
0.050004
0.050004
0.050004
0.050004
0.050004
0.050003
0.050003
0.050003
0.050003
0.050003
0.050003
0.050003
0.050003
0.050003
0.050003
0.050003
0.050003
0.050003
0.050003
0.049993
0.049993
0.049993
0.049993
0.049993
0.049993
0.049993
0.049993
0.049993
0.049947
0.049947
0.049947
0.049947
0.049947
0.049947
0.049947
0.049947
0.049947
0.049947
0.049947
0.049947
0.049947
0.049947
0.049947
0.049947
0.049947
0.049947
0.049947
0.049947
0.049947
0.049947
0.049947
0.049947
0.049947
0.049947
0.049947
0.049947
0.049947
0.049947
0.049947
0.049947
0.049947
0.049947
0.049947
0.049947
0.049947
0.049947
0.049947
0.049947
0.049947
0.049947
0.049947
0.049947
0.049947
0.049947
0.049947
0.049947
0.049947
0.049947
0.049947
0.049947
0.049947
0.049947
0.049947
0.049947
0.049946
0.049946
0.049946
0.049946
0.049946
0.049946
0.049946
0.049946
0.049946
0.049946
0.049945
0.049945
0.049945
0.049945
0.049945
0.049945
0.049945
0.049945
0.049945
0.049945
0.049945
0.049945
0.049945
0.049945
0.049945
0.049945
0.049489
0.049489
0.049489
0.049489
0.049490
0.049490
0.049490
0.049490
0.049490
0.049490
0.049490
0.049490
0.049490
0.049490
0.049490
0.049490
0.049490
0.049490
0.049490
0.049490
0.049490
0.049490
0.049490
0.049490
0.049490
0.049490
0.049490
0.049490
0.049490
0.049490
0.049490
0.049490
0.049490
0.049490
0.049490
0.049490
0.049490
0.049490
0.049490
0.049490
0.049490
0.049490
0.049490
0.049490
0.049490
0.049490
0.049490
0.049497
0.049498
0.049498
0.049498
0.049498
0.049498
0.049498
0.049498
0.049498
0.049498
0.049498
0.049498
0.049498
0.049498
0.049498
0.049498
0.049498
0.049498
0.049498
0.049498
0.049498
0.049498
0.049498
0.049498
0.049498
0.049498
0.049497
0.049497
0.049497
0.049497
0.049497
0.049497
0.049497
0.049497
0.049497
0.049497
0.049505
0.049505
0.049505
0.049505
0.049505
0.049505
0.049505
0.049505
0.049505
0.049505
0.049505
0.049505
0.049505
0.049505
0.049505
0.049505
0.049505
0.049505
0.049503
0.049503
0.049503
0.049503
0.049503
0.049503
0.049503
0.049509
0.049509
0.049509
0.049509
0.049509
0.049509
0.049509
0.049509
0.049509
0.049509
0.049507
0.049507
0.049507
0.049507
0.049507
0.049506
0.049506
0.049506
0.049506
0.049506
0.049506
0.049506
0.049506
0.049506
0.049506
0.049506
0.049506
0.049504
0.049504
0.049504
0.049504
0.049504
0.049504
0.049504
0.049504
0.049506
0.049506
0.049506
0.049506
0.049506
0.049506
0.049510
0.045408
0.045409
0.045409
0.045408
0.045408
0.045408
0.045408
0.045408
0.045408
0.045408
0.045408
0.045408
0.045408
0.045408
0.045408
0.045408
0.045408
0.045384
0.045384
0.045384
0.045384
0.045384
0.045384
0.045384
0.045384
0.045384
0.045384
0.045384
0.045384
0.045384
0.045384
0.045384
0.045384
0.045384
0.045384
0.045384
0.045384
0.045384
0.045384
0.045384
0.045384
0.045384
0.045384
0.045384
0.045384
0.045384
0.045384
0.045385
0.045382
0.045382
0.045382
0.045436
0.045436
0.045440
0.045440
0.045440
0.045440
0.045440
0.045440
0.045440
0.045440
0.045440
0.045440
0.045440
0.045440
0.045432
0.045432
0.045432
0.045432
0.045432
0.045433
0.045433
0.045433
0.045433
0.045433
0.045433
0.045433
0.045440
0.045442
0.045442
0.045442
0.045442
0.045442
0.045442
0.045442
0.045442
0.045442
0.045442
0.045442
0.045442
0.045442
0.045442
0.045442
0.045442
0.045442
0.045442
0.045442
0.045442
0.045442
0.045442
0.045458
0.045458
0.045458
0.045458
0.045459
0.045459
0.045459
0.045451
0.045451
0.045448
0.045448
0.045448
0.045448
0.045448
0.046376
0.046376
0.046376
0.046376
0.046376
0.046376
0.046376
0.046376
0.046376
0.046376
0.046356
0.046356
0.046356
0.046356
0.046356
0.046356
0.046356
0.046356
0.046356
0.046356
0.046356
0.046356
0.046356
0.046357
0.046357
0.046357
0.046357
0.046357
0.032155
0.032160
0.032160
0.032160
0.032160
0.032160
0.032160
0.032160
0.032160
0.032160
0.032160
0.032160
0.032160
0.032160
0.032160
0.032159
0.032159
0.032159
0.032159
0.032159
0.032159
0.032159
0.032159
0.032160
0.032160
0.032160
0.032160
0.032160
0.032160
0.032160
0.032160
0.032160
0.032160
0.032160
0.032160
0.032160
0.032160
0.032160
0.032160
0.032160
0.032160
0.032160
0.032160
0.032160
0.032160
0.032160
0.032160
0.032160
0.032160
0.032160
0.032160
0.032160
0.032160
0.032160
0.032160
0.032159
0.032159
0.032159
0.032159
0.032160
0.032159
0.032160
0.032160
0.032160
0.032160
0.032160
0.032283
0.032283
0.032283
0.032283
0.032283
0.032283
0.032283
0.032283
0.032283
0.032283
0.032283
0.032286
0.032286
0.032286
0.032286
0.032286
0.032286
0.032286
0.032348
0.032348
0.032348
0.032348
0.032348
0.032348
0.032348
0.032348
0.032347
0.032347
0.032347
0.032347
0.032347
0.032347
0.032347
0.032347
0.032347
0.032347
0.032347
0.032347
0.032347
0.032347
0.032347
0.032347
0.032348
0.032347
0.032347
0.032347
0.032347
0.032347
0.032347
0.032347
0.032347
0.032347
0.032347
0.032347
0.032348
0.032348
0.032348
