1.665365
1.308454
0.954397
0.828291
0.760221
0.706476
0.626466
0.566558
0.533764
0.496371
0.460229
0.446491
0.431762
0.405175
0.368353
0.334022
0.320149
0.302337
0.288162
0.276443
0.275587
0.274718
0.273547
0.271359
0.265302
0.251668
0.248644
0.246148
0.239865
0.228388
0.225910
0.225142
0.224390
0.223421
0.221852
0.218594
0.209593
0.188363
0.178111
0.177160
0.176673
0.176360
0.176132
0.175953
0.175802
0.175670
0.175549
0.175433
0.175318
0.175199
0.175070
0.174924
0.174748
0.174524
0.174212
0.173728
0.172840
0.170734
0.163740
0.151485
0.150442
0.149475
0.147958
0.144514
0.135311
0.127516
0.126920
0.126617
0.126415
0.126266
0.126151
0.126058
0.125982
0.125917
0.125862
0.125814
0.125772
0.125735
0.125702
0.125672
0.125645
0.125620
0.125598
0.125577
0.125558
0.125541
0.125524
0.125509
0.125495
0.125482
0.125469
0.125457
0.125446
0.125436
0.125426
0.125416
0.125407
0.125399
0.125391
0.125383
0.125375
0.125368
0.125361
0.125355
0.125348
0.125342
0.125337
0.125331
0.125326
0.125320
0.125315
0.125311
0.125306
0.125301
0.125297
0.125293
0.125289
0.125285
0.125281
0.125277
0.125273
0.125270
0.125266
0.125263
0.125260
0.125256
0.125253
0.125250
0.125247
0.125244
0.125242
0.125239
0.125236
0.125234
0.125231
0.125228
0.125226
0.125224
0.125221
0.125219
0.125217
0.125215
0.125212
0.125210
0.125208
0.125206
0.125204
0.125202
0.125200
0.125198
0.125197
0.125195
0.125193
0.125191
0.125190
0.125188
0.125186
0.125185
0.125183
0.125181
0.125180
0.125178
0.125177
0.125175
0.125174
0.125173
0.125171
0.125170
0.125168
0.125167
0.125166
0.125164
0.125163
0.125162
0.125161
0.125159
0.125158
0.125157
0.125156
0.125155
0.125154
0.125152
0.125151
0.125150
0.125149
0.125148
0.125147
0.125146
0.125145
0.125144
0.125143
0.125142
0.125141
0.125140
0.125139
0.125138
0.125137
0.125136
0.125135
0.125134
0.125134
0.125133
0.125132
0.125131
0.125130
0.125129
0.125128
0.125128
0.125127
0.125126
0.125125
0.125124
0.125124
0.125123
0.125122
0.125121
0.125121
0.125120
0.125119
0.125118
0.125118
0.125117
0.125116
0.125116
0.125115
0.125114
0.125113
0.125113
0.125112
0.125111
0.125111
0.125110
0.125110
0.125109
0.125108
0.125108
0.125107
0.125106
0.125106
0.125105
0.125105
0.125104
0.125103
0.125103
0.125102
0.125102
0.125101
0.125101
0.125100
0.125099
0.125099
0.125098
0.125098
0.125097
0.125097
0.125096
0.125096
0.125095
0.125095
0.125094
0.125094
0.125093
0.125093
0.125092
0.125092
0.125091
0.125091
0.125090
0.125090
0.125089
0.125089
0.125088
0.125088
0.125087
0.125087
0.125086
0.125086
0.125085
0.125085
0.125084
0.125084
0.125083
0.125083
0.125083
0.125082
0.125082
0.125081
0.125081
0.125080
0.125080
0.125080
0.125079
0.125079
0.125078
0.125078
0.125077
0.125077
0.125077
0.125076
0.125076
0.125075
0.125075
0.125075
0.125074
0.125074
0.125073
0.125073
0.125073
0.125072
0.125072
0.125071
0.125071
0.125071
0.125070
0.125070
0.125069
0.125069
0.125069
0.125068
0.125068
0.125068
0.125067
0.125067
0.125066
0.125066
0.125066
0.125065
0.125065
0.125065
0.125064
0.125064
0.125064
0.125063
0.125063
0.125062
0.125062
0.125062
0.125061
0.125061
0.125061
0.125060
0.125060
0.125060
0.125059
0.125059
0.125059
0.125058
0.125058
0.125057
0.125057
0.125057
0.125056
0.125056
0.125056
0.125055
0.125055
0.125055
0.125054
0.125054
0.125054
0.125053
0.125053
0.125053
0.125052
0.125052
0.125051
0.125051
0.125051
0.125050
0.125050
0.125050
0.125049
0.125049
0.125049
0.125048
0.125048
0.125048
0.125047
0.125047
0.125046
0.125046
0.125046
0.125045
0.125045
0.125045
0.125044
0.125044
0.125044
0.125043
0.125043
0.125042
0.125042
0.125042
0.125041
0.125041
0.125041
0.125040
0.125040
0.125039
0.125039
0.125039
0.125038
0.125038
0.125037
0.125037
0.125037
0.125036
0.125036
0.125035
0.125035
0.125034
0.125034
0.125034
0.125033
0.125033
0.125032
0.125032
0.125031
0.125031
0.125031
0.125030
0.125030
0.125029
0.125029
0.125028
0.125028
0.125027
0.125027
0.125026
0.125026
0.125025
0.125025
0.125024
0.125024
0.125023
0.125022
0.125022
0.125021
0.125021
0.125020
0.125020
0.125019
0.125018
0.125018
0.125017
0.125016
0.125016
0.125015
0.125014
0.125014
0.125013
0.125012
0.125012
0.125011
0.125010
0.125009
0.125008
0.125007
0.125007
0.125006
0.125005
0.125004
0.125003
0.125002
0.125001
0.125000
0.124999
0.124998
0.124997
0.124995
0.124994
0.124993
0.124992
0.124990
0.124989
0.124987
0.124986
0.124984
0.124983
0.124981
0.124979
0.124977
0.124976
0.124974
0.124971
0.124969
0.124967
0.124964
0.124962
0.124959
0.124956
0.124953
0.124950
0.124946
0.124942
0.124938
0.124934
0.124929
0.124924
