0.007000
0.016000
0.024000
0.032000
0.039000
0.048000
0.055000
0.064000
0.071000
0.079000
0.086000
0.095000
0.102000
0.110000
0.118000
0.125000
0.134000
0.142000
0.150000
0.157000
0.166000
0.173000
0.181000
0.189000
0.198000
0.205000
0.213000
0.221000
0.229000
0.237000
0.245000
0.253000
0.262000
0.269000
0.277000
0.285000
0.294000
0.301000
0.309000
0.318000
0.325000
0.334000
0.341000
0.350000
0.358000
0.367000
0.374000
0.382000
0.390000
0.399000
0.408000
0.417000
0.425000
0.438000
0.455000
0.468000
0.480000
0.493000
0.504000
0.514000
0.524000
0.535000
0.546000
0.554000
0.561000
0.569000
0.577000
0.584000
0.592000
0.600000
0.608000
0.615000
0.623000
0.631000
0.639000
0.647000
0.654000
0.663000
0.670000
0.678000
0.686000
0.694000
0.703000
0.711000
0.719000
0.727000
0.735000
0.744000
0.752000
0.761000
0.769000
0.778000
0.786000
0.795000
0.803000
0.811000
0.820000
0.828000
0.836000
0.845000
0.853000
0.862000
0.870000
0.878000
0.887000
0.896000
0.904000
0.914000
0.923000
0.931000
0.939000
0.948000
0.956000
0.965000
0.973000
0.982000
0.990000
0.998000
1.006000
1.015000
1.023000
1.033000
1.042000
1.050000
1.059000
1.067000
1.075000
1.085000
1.095000
1.102000
1.111000
1.120000
1.128000
1.136000
1.144000
1.152000
1.161000
1.169000
1.177000
1.185000
1.194000
1.202000
1.212000
1.219000
1.228000
1.237000
1.247000
1.255000
1.265000
1.274000
1.282000
1.290000
1.299000
1.309000
1.317000
1.325000
1.334000
1.342000
1.351000
1.363000
1.373000
1.382000
1.390000
1.399000
1.408000
1.417000
1.426000
1.435000
1.444000
1.452000
1.462000
1.469000
1.478000
1.486000
1.496000
1.504000
1.513000
1.521000
1.529000
1.539000
1.556000
1.567000
1.577000
1.585000
1.593000
1.601000
1.609000
1.617000
1.625000
1.633000
1.641000
1.649000
1.657000
1.665000
1.673000
1.683000
1.690000
1.699000
1.707000
1.715000
1.723000
1.733000
1.741000
1.750000
1.758000
1.767000
1.775000
1.783000
1.791000
1.799000
1.807000
1.816000
1.823000
1.831000
1.839000
1.847000
1.855000
1.863000
1.870000
1.878000
1.886000
1.894000
1.902000
1.909000
1.918000
1.926000
1.935000
1.942000
1.951000
1.960000
1.968000
1.978000
1.986000
1.995000
2.003000
2.012000
2.020000
2.029000
2.038000
2.047000
2.055000
2.065000
2.073000
2.083000
2.090000
2.099000
2.108000
2.118000
2.126000
2.135000
2.144000
2.152000
2.161000
2.170000
2.180000
2.188000
2.197000
2.206000
2.215000
2.223000
2.232000
2.239000
2.249000
2.257000
2.266000
2.273000
2.282000
2.290000
2.300000
2.308000
2.316000
2.325000
2.334000
2.342000
2.350000
2.358000
2.367000
2.375000
2.384000
2.392000
2.401000
2.409000
2.418000
2.426000
2.435000
2.443000
2.451000
2.458000
2.467000
2.478000
2.488000
2.497000
2.505000
2.514000
2.522000
2.531000
2.539000
2.548000
2.556000
2.565000
2.573000
2.581000
2.588000
2.597000
2.604000
2.613000
2.620000
2.629000
2.636000
2.645000
2.653000
2.661000
2.668000
2.676000
2.685000
2.694000
2.702000
2.710000
2.718000
2.728000
2.736000
2.745000
2.753000
2.760000
2.768000
2.777000
2.786000
2.795000
2.803000
2.812000
2.820000
2.830000
2.839000
2.850000
2.858000
2.867000
2.877000
2.885000
2.895000
2.903000
2.912000
2.921000
2.930000
2.938000
2.947000
2.956000
2.966000
2.974000
2.983000
2.991000
3.000000
3.008000
3.017000
3.026000
3.035000
3.044000
3.052000
3.060000
3.068000
3.076000
3.085000
3.095000
3.104000
3.113000
3.121000
3.131000
3.139000
3.148000
3.156000
3.164000
3.173000
3.181000
3.189000
3.199000
3.207000
3.216000
3.224000
3.233000
3.241000
3.249000
3.258000
3.267000
3.275000
3.284000
3.294000
3.302000
3.310000
3.319000
3.330000
3.340000
3.349000
3.357000
3.366000
3.374000
3.383000
3.392000
3.400000
3.409000
3.418000
3.427000
3.435000
3.444000
3.453000
3.464000
3.473000
3.482000
3.490000
3.499000
3.508000
3.516000
3.524000
3.533000
3.541000
3.549000
3.558000
3.567000
3.577000
3.588000
3.597000
3.604000
3.613000
3.621000
3.630000
3.637000
3.646000
3.654000
3.663000
3.671000
3.679000
3.686000
3.695000
3.702000
3.711000
3.719000
3.726000
3.734000
3.742000
3.750000
3.758000
3.766000
3.773000
3.784000
3.793000
3.801000
3.809000
3.816000
3.825000
3.833000
3.841000
3.849000
3.856000
3.864000
3.872000
3.881000
3.888000
3.897000
3.904000
3.913000
3.921000
3.930000
3.938000
3.946000
3.954000
3.962000
3.969000
3.978000
3.985000
3.993000
4.002000
4.009000
4.018000
4.026000
4.035000
4.044000
4.052000
4.060000
4.068000
4.077000
4.085000
4.094000
4.101000
4.109000
4.119000
4.127000
4.135000
4.144000
4.152000
4.160000
4.168000
4.176000
4.184000
4.192000
4.200000
4.208000
4.215000
4.223000
4.231000
4.239000
4.247000
