1.658576
1.658565
1.666474
1.666647
1.644270
1.645219
1.643446
1.635991
1.596030
1.596126
1.596126
1.596221
1.590286
1.589431
1.589489
1.586354
1.573212
1.546435
1.546090
1.546046
1.527812
1.528335
1.524293
1.524294
1.523213
1.520357
1.503303
1.503829
1.503554
1.504015
1.494108
1.493882
1.471937
1.421309
1.359989
1.359987
1.360346
1.357673
1.351832
1.351832
1.350500
1.350368
1.350246
1.350246
1.349930
1.349941
1.349378
1.349378
1.345706
1.345721
1.345722
1.345095
1.345095
1.340261
1.339783
1.339720
1.313451
1.313451
1.314041
1.314180
1.313813
1.302827
1.304619
1.304118
1.303693
1.270350
1.219266
1.219258
1.219324
1.218952
1.218952
1.218974
1.218968
1.219024
1.218444
1.218444
1.218444
1.218444
1.218118
1.212295
1.208516
1.207983
1.206641
1.202238
1.171935
1.171886
1.171246
1.171227
1.171226
1.170475
1.170471
1.166541
1.165857
1.165897
1.170972
1.170972
1.170972
1.156634
1.156646
1.156644
1.156624
1.156552
1.150310
1.148409
1.149481
1.145798
1.142378
1.142378
1.142363
1.142358
1.127933
1.127918
1.128351
1.127526
1.126964
1.126896
1.126899
1.126867
1.126867
1.126867
1.126867
1.122271
1.122281
1.121062
1.077584
1.077547
1.077539
1.045723
1.045698
1.045641
1.043519
1.043350
1.043185
1.043185
1.043185
1.043183
1.043172
1.043123
1.042990
1.027494
1.027494
1.025995
1.025186
1.027154
1.022727
1.022725
1.022757
1.022756
1.029704
1.029703
1.030512
1.030513
1.028742
1.028767
1.028767
1.019888
1.021970
1.022250
1.020569
1.020327
1.020409
0.999917
0.999917
0.982559
0.982559
0.982560
0.982539
0.982502
0.982490
0.982208
0.982089
0.982089
0.966256
0.962606
0.960042
0.952168
0.951264
0.949015
0.949122
0.944298
0.944297
0.944297
0.944009
0.943987
0.943803
0.943792
0.943791
0.943768
0.924131
0.924050
0.924049
0.924173
0.924174
0.924085
0.924081
0.924081
0.924076
0.924050
0.924154
0.924146
0.924147
0.923377
0.923296
0.918705
0.918693
0.918707
0.917385
0.917385
0.898512
0.885885
0.885885
0.874917
0.874981
0.874975
0.869954
0.869954
0.869941
0.869930
0.869718
0.869708
0.866440
0.866431
0.866431
0.866354
0.866353
0.866414
0.864402
0.864398
0.864398
0.864398
0.863344
0.863344
0.857040
0.857048
0.857046
0.857046
0.857045
0.857045
0.849472
0.849497
0.849331
0.849329
0.849329
0.849202
0.849202
0.849202
0.848646
0.848646
0.848646
0.848658
0.831422
0.830782
0.830752
0.830718
0.830600
0.830587
0.830480
0.830474
0.830474
0.830474
0.830421
0.830462
0.830458
0.830458
0.830438
0.830429
0.830372
0.830370
0.830405
0.830425
0.830356
0.826600
0.825497
0.825497
0.825492
0.825489
0.813981
0.813981
0.813991
0.813977
0.813967
0.813899
0.813898
0.813953
0.813935
0.813935
0.813935
0.813936
0.813929
0.814245
0.814228
0.814241
0.814241
0.814309
0.814278
0.814251
0.814251
0.814269
0.813604
0.813558
0.812889
0.812124
0.811820
0.797856
0.797856
0.797316
0.783678
0.783678
0.783675
0.783675
0.783675
0.783883
0.783394
0.783394
0.783414
0.783414
0.783415
0.783403
0.783403
0.783385
0.783878
0.783877
0.783805
0.783631
0.783631
0.783631
0.783631
0.783404
0.778942
0.778933
0.778926
0.778918
0.778950
0.779006
0.778796
0.778889
0.778874
0.778706
0.778624
0.778438
0.778432
0.778437
0.778437
0.778447
0.775234
0.775234
0.775203
0.775284
0.775290
0.774957
0.774955
0.774952
0.774952
0.774956
0.774732
0.774587
0.774580
0.774553
0.774509
0.774285
0.774180
0.774307
0.774307
0.774198
0.774198
0.774215
0.774355
0.774290
0.774229
0.774229
0.774229
0.774229
0.774205
0.774205
0.774205
0.774205
0.774146
0.774030
0.774021
0.773588
0.773565
0.773559
0.773559
0.773559
0.765796
0.765802
0.765735
0.765790
0.765790
0.765783
0.765692
0.765692
0.765033
0.765044
0.765044
0.765046
0.765058
0.764952
0.760967
0.760659
0.760620
0.760608
0.760607
0.760381
0.760379
0.756546
0.756546
0.756545
0.756546
0.756514
0.756514
0.756490
0.756510
0.756490
0.756414
0.756457
0.756450
0.756408
0.756408
0.756363
0.756363
0.756012
0.756006
0.756058
0.755977
0.755970
0.755960
0.755961
0.752924
0.752924
0.752924
0.752924
0.752904
0.752904
0.752752
0.752474
0.752474
0.752475
0.752474
0.752410
0.752048
0.752048
0.752058
0.752058
0.752058
0.752058
0.752058
0.752058
0.752073
0.751504
0.751504
0.751504
0.751504
0.751504
0.751503
0.751503
0.751503
0.751503
0.751503
0.751503
0.751488
0.751488
0.751488
0.751486
0.751084
0.751084
0.751084
0.750954
0.750954
0.750954
0.750959
0.740146
0.740126
0.739825
0.739825
0.739692
0.739653
0.739652
0.738840
0.738712
0.738712
0.738553
0.738506
0.738464
0.738258
0.738245
0.738245
0.738226
0.738226
0.738224
0.736291
0.736281
0.735237
0.735242
0.735254
0.735249
0.735254
0.735273
0.734872
0.734871
0.734870
0.734848
0.734812
0.734812
0.734815
0.734595
0.734595
0.734597
0.723389
0.723378
0.723378
0.723404
0.723377
0.722833
0.722830
0.722830
0.722832
0.722828
0.722822
0.722822
0.722834
0.722834
0.722836
0.722836
0.722836
0.721926
0.721929
0.721454
0.721435
0.721435
0.721435
0.721305
0.721262
0.719576
0.719576
0.719568
0.719568
0.719555
0.719555
0.719553
0.719553
0.719553
0.719553
0.719113
0.719112
0.719097
0.717444
0.717442
0.716193
0.716087
0.715549
0.715539
0.715136
0.715136
0.714990
0.714990
0.713742
0.713747
0.713797
0.713797
0.713797
0.713663
0.713663
0.713384
0.713384
0.713389
0.713389
0.712103
0.712103
0.712095
0.712093
0.712131
0.708545
0.708405
0.708405
0.706670
0.706250
0.706088
0.706088
0.706088
0.706087
0.706087
0.706087
0.706087
0.706087
0.706087
0.706079
0.706079
0.706003
0.705969
0.705969
0.701872
0.701872
0.701851
0.701503
0.701525
0.701525
0.693649
0.693649
0.693739
0.665559
0.665562
0.665562
0.640090
0.640078
0.638085
0.638004
0.638004
0.638464
0.630438
0.630227
0.630227
0.630227
0.630927
0.630926
0.630926
0.630935
0.630926
0.630888
0.630887
0.631200
0.631245
0.631250
0.631156
0.613616
0.605872
0.605802
0.605788
0.605788
0.605754
0.605754
0.605754
0.605754
0.605754
0.605754
0.605752
0.605723
0.605618
0.605745
0.605744
0.605744
0.605740
0.600957
0.600956
0.600956
0.600899
0.600899
0.600909
0.600071
0.600106
0.600108
0.599989
0.599216
0.582844
0.583147
0.583135
0.583088
0.583088
0.583087
0.583086
0.583086
0.583093
0.583005
0.582894
0.582894
0.582894
0.582883
0.582862
0.582848
0.581531
0.581531
0.575432
0.575442
0.567768
0.567931
0.567710
0.567701
0.567701
0.567910
0.567910
0.566331
0.566331
0.566331
0.566331
0.566351
0.566392
0.566430
0.566420
0.566420
0.561691
0.551238
0.551238
0.533375
0.532683
0.532683
0.532683
0.532682
0.532683
0.532683
0.529627
0.529627
0.529622
0.522443
0.517190
0.517188
0.517186
0.517182
0.517181
0.517180
0.517180
0.517180
0.516632
0.516631
0.516631
0.516630
0.515877
0.512356
0.512356
0.512356
0.512356
0.511499
0.511307
0.511307
0.511347
0.511346
0.510215
0.502777
0.502789
0.502789
0.502791
0.502781
0.502698
0.502673
0.502627
0.502563
0.502565
0.502578
0.502074
0.501989
0.501989
0.501989
0.501988
0.501988
0.501941
0.501941
0.501905
0.501899
0.501899
0.501899
0.501899
0.501892
0.501892
0.501892
0.501892
0.501891
0.501814
0.501812
0.501801
0.501801
0.501801
0.500908
0.500906
0.500692
0.500693
0.500698
0.500699
0.500699
0.500699
0.500698
0.500698
0.500698
0.500698
0.500697
0.497832
0.497831
0.497830
0.497854
0.497973
0.497973
0.497972
0.497994
0.497977
0.497976
0.497976
0.497976
0.497976
0.497976
0.497976
0.497925
0.497911
0.497955
0.497879
0.497682
0.497831
0.497832
0.497832
0.497832
0.497822
0.497696
0.496601
0.496507
0.496707
0.496801
0.496786
0.496785
0.496680
0.496727
0.496585
0.496585
0.496627
0.496636
0.496636
0.496744
0.496703
0.496778
0.496834
0.496834
0.496828
0.496969
0.496970
0.497234
0.497278
0.497277
0.497277
0.497457
0.497392
0.497401
0.497401
0.497402
0.497340
0.497330
0.497330
0.497331
0.497308
0.497195
0.497195
0.496978
0.496978
0.496978
0.497073
0.497109
0.497109
0.497109
0.497109
0.497109
0.497192
0.497192
0.497192
0.497192
0.497189
0.497057
0.497056
0.497197
0.497249
0.497249
0.497248
0.497147
0.497147
0.497231
0.497133
0.497114
0.497114
0.496930
0.496862
0.487943
0.488001
0.488001
0.488003
0.488003
0.487868
0.487871
0.487871
0.487871
0.487871
0.487895
0.487895
0.487895
0.487895
0.488665
0.488665
0.488716
0.488866
0.488866
0.488979
0.474700
0.474732
0.474658
0.474754
0.474736
0.474736
0.474736
0.474672
0.474672
0.474672
0.474878
0.474759
0.474759
0.474759
0.474758
0.474758
0.474747
0.463791
0.463783
0.463868
0.463907
0.463865
0.463878
0.463878
0.463731
0.463731
0.463731
0.463908
0.463946
0.463947
0.463947
0.463984
0.463923
0.463914
0.464389
0.464389
0.464389
0.464389
0.464389
0.464431
0.464431
0.463934
0.464072
0.464073
0.463498
0.463491
0.463491
0.463489
0.463482
0.463482
0.463480
0.463481
0.463481
0.463481
0.463480
0.463480
0.463480
0.463480
0.463521
0.463671
0.463671
0.464195
0.464188
0.464044
0.464043
0.464044
0.464044
0.464044
0.464044
0.464044
0.464407
0.464407
0.464407
0.464407
0.464410
0.464359
0.464365
0.464386
0.464508
0.464508
0.464366
0.464213
0.464214
0.464189
0.464298
0.464298
0.464300
0.464582
0.464582
0.464571
0.464563
0.464563
0.464563
0.464597
0.464597
0.464597
0.464600
0.464573
0.464530
0.464385
0.464384
0.464384
0.464581
0.464581
0.464581
0.464581
0.464581
0.460160
0.460160
0.460160
0.459910
0.459929
0.459518
0.459618
0.459612
0.459705
0.459705
0.460020
0.460020
0.460186
0.460186
0.460180
0.460180
0.460361
0.460158
0.460160
0.460160
0.460160
0.460160
0.460159
0.460125
0.460125
0.457539
0.452263
0.452265
0.452589
0.452591
0.452591
0.452591
0.452564
0.452564
0.452565
0.453076
0.453076
0.453076
0.453076
0.453078
0.453078
0.453117
0.453116
0.452808
0.452807
0.452807
0.452969
0.452918
0.452903
0.452195
0.452195
0.451695
0.451263
0.451218
0.451484
0.451473
0.451473
0.451473
0.451473
0.451464
0.451469
0.451469
0.451618
0.451618
0.451604
0.451557
0.451557
0.451117
0.451116
0.451116
0.451116
0.451116
0.451138
0.451138
0.450631
0.450413
0.450413
0.450413
0.450413
0.450413
0.450571
0.449590
0.449590
0.449590
0.449590
0.441187
0.440682
0.440646
0.440646
0.440646
0.440630
0.440270
0.440262
0.439700
0.439439
0.439439
0.439439
0.439411
0.439416
0.439342
0.439205
0.439205
0.439205
0.439205
0.439095
0.439095
0.439095
0.438846
0.438846
0.438846
0.438840
0.438840
0.438833
0.438833
0.438833
0.436934
0.436928
0.436928
0.436928
0.436849
0.436805
0.436807
0.436807
0.436630
0.430044
0.430037
0.430037
0.430036
0.430036
0.429267
0.429267
0.429297
0.429243
0.429238
0.429238
0.429211
0.429366
0.427615
0.427550
0.427881
0.427881
0.427877
0.427877
0.427876
0.427684
0.427683
0.427631
0.427620
0.427619
0.427511
0.427580
0.423696
0.423728
0.423718
0.423718
0.423718
0.424096
0.424096
0.424094
0.423543
0.423542
0.423541
0.423541
0.423574
0.423556
0.423555
0.423690
0.423672
0.423672
0.423672
0.423712
0.423712
0.423712
0.423712
0.423712
0.423712
0.423712
0.423714
0.423714
0.423714
0.424312
0.424312
0.424283
0.424285
0.425074
0.425074
0.425074
0.425075
0.425237
0.425422
0.417279
0.417279
0.416259
0.416540
0.416540
0.415730
0.415733
0.415497
0.415474
0.415477
0.415405
0.415267
0.415270
0.415270
0.418309
0.418347
0.418793
0.418791
0.418792
0.419127
0.419408
0.419411
0.419423
0.419420
0.419409
0.419409
0.419409
0.419409
0.419478
0.419477
0.419669
0.419669
0.419669
0.419602
0.419602
0.419319
0.419304
0.419306
0.419306
0.418033
0.418164
0.418187
0.418187
0.418187
0.418212
0.418184
0.418184
0.418460
0.418460
0.418575
0.418681
0.418681
0.418681
0.418679
0.418175
0.418176
0.418173
0.418173
0.418550
0.419136
0.419116
0.419116
0.419058
0.419193
0.419194
0.419194
0.419155
0.419155
0.419155
0.419155
0.402515
0.402515
0.402518
0.402518
0.402825
0.403161
0.403161
0.403169
0.403169
0.403105
0.403108
0.403108
0.403108
0.403108
0.403153
0.402963
0.402963
0.402941
0.402856
0.402859
0.402861
0.402900
0.402900
0.402899
0.403147
0.403147
0.403147
0.403147
0.403125
0.400704
0.400716
0.400716
0.400716
0.400650
0.400650
0.400650
0.400650
0.400650
0.400650
0.399475
0.399475
0.399478
0.399593
0.399593
0.399592
0.399202
0.399184
0.399184
0.399277
0.399277
0.399210
0.399210
0.396750
0.396750
0.396750
0.396758
0.396922
0.396902
0.396773
0.396773
0.396773
0.396773
0.396773
0.397603
0.397599
0.393377
0.393569
0.393435
0.393435
0.393435
0.393611
0.393611
0.393593
0.393593
0.393593
0.393594
0.375775
0.375774
0.375775
0.361841
0.355229
0.355229
0.355229
0.355254
0.356476
0.356086
0.356086
0.356085
0.356087
0.356097
0.356015
0.356019
0.355909
0.356608
0.356608
0.356608
0.356585
0.356502
0.356829
0.357049
0.357280
0.346892
0.346892
0.346898
0.346898
0.346896
0.346896
0.346896
0.346889
0.346889
0.346889
0.343652
0.343647
0.342170
0.342170
0.342070
0.342090
0.342091
0.342091
0.342112
0.342335
0.342354
0.342355
0.342339
0.342339
0.342339
0.342353
0.342353
0.342353
0.342352
0.342352
0.342354
0.341759
0.341896
0.341927
0.342067
0.342054
0.342054
0.342054
0.341967
0.341967
0.342160
0.342147
0.342138
0.343221
0.343221
0.343222
0.343223
0.343213
0.343213
0.343220
0.343220
0.343220
0.343212
0.343216
0.343216
0.343216
0.343703
0.343703
0.343703
0.343900
0.343894
0.343894
0.343903
0.339741
0.339741
0.339741
0.339777
0.339777
0.339777
0.324137
0.324130
0.324130
0.324130
0.324130
0.324163
0.324155
0.324238
0.324238
0.324413
0.324413
0.324413
0.324413
0.324413
0.324147
0.324147
0.324143
0.324143
0.324106
0.324130
0.324130
0.324206
0.324011
0.324088
0.324088
0.324094
0.324100
0.324100
0.324155
0.324195
0.324195
0.324188
0.324188
0.324188
0.322730
0.322730
0.322730
0.322744
0.322938
0.322939
0.322939
0.322963
0.322963
0.322963
0.322987
0.322986
0.322982
0.323020
0.323020
0.323021
0.323016
0.323016
0.322999
0.319464
0.319519
0.319522
0.319522
0.319525
0.319525
0.319528
0.307647
0.307647
0.307591
0.307582
0.307582
0.307583
0.307583
0.307583
0.307583
0.307581
0.307536
0.307536
0.307537
0.307588
0.307588
0.307588
0.307587
0.307587
0.300053
0.300048
0.300046
0.300061
0.300061
0.300061
0.300058
0.300058
0.300056
0.300095
0.300024
0.300024
0.300024
0.300024
0.300024
0.300023
0.300013
0.300054
0.300056
0.300056
0.300095
0.300095
0.300096
0.300096
0.299767
0.299767
0.299767
0.299649
0.297711
0.297711
0.297727
0.297727
0.297722
0.297705
0.297701
0.297701
0.297701
0.297701
0.297701
0.297701
0.297711
0.297724
0.297724
0.297725
0.297599
0.297599
0.297599
0.297599
0.297553
0.297553
0.297553
0.297552
0.297528
0.297291
0.297291
0.297244
0.297244
0.297244
0.297265
0.297265
0.297264
0.296798
0.296798
0.296798
0.296780
0.296781
0.296782
0.296782
0.296782
0.296782
0.296798
0.296794
0.296794
0.296794
0.296794
0.296794
0.296794
0.296794
0.296793
0.296794
0.296794
0.296794
0.296786
0.296786
0.296786
0.296787
0.296787
0.296787
0.296693
0.296693
0.296694
0.296694
0.296694
0.296630
0.296630
0.296630
0.296630
0.296629
0.296634
0.296637
0.296636
0.296634
0.296636
0.296636
0.296636
0.296636
0.296637
0.296671
0.296671
0.296671
0.296670
0.296700
0.296698
0.296698
0.296648
0.296648
0.296648
0.296596
0.296589
0.296589
0.296596
0.296596
0.296645
0.296645
0.296671
0.296723
0.296723
0.285036
0.285036
0.285044
0.285044
0.285044
0.285045
0.285045
0.285045
0.285063
0.285063
0.285063
0.284493
0.284490
0.284457
0.284458
0.284453
0.284468
0.284460
0.284443
0.284409
0.284409
0.284406
0.284406
0.284406
0.284406
0.284403
0.284375
0.284375
0.284375
0.284375
0.284375
0.284372
0.284395
0.284394
0.284394
0.284370
0.284370
0.284370
0.284357
0.284357
0.284357
0.284357
0.284353
0.284320
0.284325
0.284324
0.284319
0.284129
0.284124
0.284254
0.284210
0.284285
0.284295
0.284295
0.284295
0.284295
0.284364
0.284364
0.284363
0.284365
0.284375
0.284375
0.284375
0.284375
0.284373
0.284373
0.284337
0.284400
0.284397
0.284397
0.284397
0.284397
0.284397
0.284397
0.284460
0.284460
0.284448
0.284504
0.284456
0.284456
0.284456
0.284451
0.284443
0.284493
0.284546
0.284546
0.284645
0.284646
0.284646
0.284677
0.284677
0.284721
0.284721
0.284684
0.284684
0.284684
0.284579
0.284579
0.284620
0.284620
0.284538
0.284538
0.284538
0.284705
0.284705
0.284705
0.284735
0.284735
0.284743
0.284743
0.284916
0.284916
0.284939
0.284939
0.284999
0.284999
0.285027
0.285023
0.285027
0.285027
0.285027
0.285027
0.285027
0.285011
0.285222
0.285222
0.285269
0.285254
0.285262
0.285262
0.285316
0.285309
0.285309
0.285309
0.285328
0.285328
0.285326
0.285400
0.285610
0.285657
0.285657
0.285655
0.285798
0.285798
0.285843
0.285843
0.285856
0.285861
0.285994
0.286080
0.286202
0.286201
0.286201
0.286202
0.286196
0.286185
0.286185
0.286352
0.286269
0.286269
0.286269
0.286271
0.286313
0.286489
0.286489
0.286489
0.286489
0.286461
0.286461
0.286457
0.286452
0.286452
0.286452
0.286452
0.286452
0.286452
0.286600
0.286600
0.286600
0.286545
0.286545
0.286545
0.286517
0.286626
0.286625
0.286625
0.286626
0.286705
0.286849
0.286849
0.286849
0.286849
0.286849
0.286848
0.286848
0.286849
0.286848
0.286849
0.286849
0.286977
0.286977
0.286977
0.286977
0.286977
0.286972
0.286988
0.286986
0.286986
0.286986
0.287011
0.287056
0.287058
0.287058
0.287058
0.287071
0.287199
0.287242
0.287284
0.287284
0.287284
0.287284
0.287284
0.287359
0.287358
0.287376
0.287403
0.287403
0.287401
0.287455
0.287454
0.287454
0.287454
0.287438
0.287438
0.287438
0.287438
0.287529
0.287528
0.287529
0.287529
0.287533
0.287373
0.287373
0.287373
0.287374
0.287374
0.287340
0.287341
0.287339
0.287337
0.286594
0.286594
0.286594
0.286594
0.286593
0.286588
0.286588
0.286590
0.286589
0.286592
0.286592
0.286592
0.286590
0.286452
0.286452
0.286454
0.286461
0.286461
0.286518
0.286518
0.286425
0.286427
0.286461
0.286461
0.286575
0.286575
0.286575
0.286574
0.286574
0.286574
0.286569
0.286569
0.286569
0.286570
0.286645
0.275596
0.275595
0.275596
0.275590
0.275589
0.275589
0.275579
0.275527
0.275543
0.275536
0.275536
0.275536
0.275534
0.275534
0.275534
0.275534
0.275534
0.275533
0.275464
0.275464
0.275325
0.275325
0.275327
0.275300
0.275300
0.275300
0.275300
0.275300
0.275300
0.275299
0.275299
0.275294
0.275294
0.275294
0.275313
0.275308
0.275308
0.275298
0.275298
0.275298
0.275298
0.275249
0.275249
0.275209
0.275199
0.275199
0.275199
0.275164
0.275164
0.275164
0.275116
0.275106
0.275106
0.275105
0.275105
0.275105
0.275105
0.275105
0.275105
0.275105
0.275105
0.275079
0.275079
0.275067
0.275067
0.275067
0.275067
0.275063
0.275063
0.275060
0.274999
0.274999
0.274951
0.274942
0.274942
0.274942
0.274942
0.274942
0.274929
0.274929
0.274903
0.274904
0.274898
0.274898
0.274898
0.274896
0.274896
0.274896
